1011 1011
1013 1013
1020 1020
1041 1041
1061 1061
1040 1040
1060 1060
1022 1022
1023 1023
1025 1025
1024 1024
9001 9001
9002 9002
9003 9003
1010 1010
2009 2009
2001 2001
1901 1901
1012 1012
4001 40019
4002 40029
4010 40109
4120 41209
4121 41219
4122 41229
4123 41239
59300 593009
59400 594009
51407 514079
51507 515079
51607 516079
51707 517079
51807 518079
51907 519079
52007 520079
52107 521079
52207 522079
52407 524079
52607 526079
51108 511089
51208 512089
51308 513089
51408 514089
51508 515089
51608 516089
51708 517089
51808 518089
51908 519089
52008 520089
52108 521089
52208 522089
52408 524089
52608 526089
51110 511109
51210 512109
51310 513109
51410 514109
51510 515109
51610 516109
51710 517109
51810 518109
51910 519109
52010 520109
52110 521109
52210 522109
52410 524109
52610 526109
51111 511119
51211 512119
51311 513119
51411 514119
51511 515119
51711 517119
51811 518119
51911 519119
52011 520119
52111 521119
52211 522119
52411 524119
52611 526119
51611 516119
51101 511019
51201 512019
51301 513019
51401 514019
51501 515019
51601 516019
51701 517019
51801 518019
51901 519019
52001 520019
52101 521019
52201 522019
52401 524019
52601 526019
51112 511129
51212 512129
51312 513129
51412 514129
51512 515129
51612 516129
51712 517129
51812 518129
51912 519129
52012 520129
52112 521129
52212 522129
52412 524129
51102 511029
51202 512029
51302 513029
51402 514029
51502 515029
51602 516029
51702 517029
51802 518029
51902 519029
52002 520029
51113 511139
51213 512139
51313 513139
52612 526129
52102 521029
52202 522029
52402 524029
52602 526029
51103 511039
51203 512039
51513 515139
51613 516139
51713 517139
51813 518139
51913 519139
52013 520139
52113 521139
52213 522139
52413 524139
52613 526139
51413 514139
11100 111009
11200 112009
11300 113009
11400 114009
11500 115009
11600 116009
11700 117009
10000 100009
11000 110009
12000 120009
12100 121009
12200 122009
12300 123009
12370 123709
12380 123809
12381 123819
12382 123829
12390 123909
12400 124009
51403 514039
51503 515039
51603 516039
51703 517039
51803 518039
51903 519039
52003 520039
52103 521039
52203 522039
52403 524039
52603 526039
51303 513039
52501 52501
52502 52502
52503 52503
52504 52504
52505 52505
52506 52506
52507 52507
52508 52508
52509 52509
52510 52510
52511 52511
52512 52512
52513 52513
12500 125009
12600 126009
12700 127009
20000 200009
21000 210009
21100 211009
21110 211109
21120 211209
21200 212009
21300 213009
21400 214009
21500 215009
21600 216009
21700 217009
21800 218009
21900 219009
22000 220009
23000 230009
30000 300009
31000 310009
31100 311009
31200 312009
51104 511049
51204 512049
51304 513049
51404 514049
51504 515049
51604 516049
51704 517049
51804 518049
51904 519049
52004 520049
52104 521049
52204 522049
52404 524049
52604 526049
31220 312209
31230 312309
31290 312909
31300 313009
31400 314009
31500 315009
31600 316009
31700 317009
32000 320009
32100 321009
32200 322009
32300 323009
32320 323209
32330 323309
32390 323909
32400 324009
32500 325009
32580 325809
32581 325819
32582 325829
51105 511059
51205 512059
51305 513059
51405 514059
51505 515059
51605 516059
32590 325909
32600 326009
32700 327009
40100 401009
40200 402009
40300 403009
40400 404009
40500 405009
40600 406009
40700 407009
40800 408009
40900 409009
41000 410009
41100 411009
41200 412009
41300 413009
41400 414009
51805 518059
51905 519059
52005 520059
52105 521059
52205 522059
52405 524059
52605 526059
51705 517059
41430 414309
41490 414909
41500 415009
41600 416009
41700 417009
41800 418009
41900 419009
49100 491009
49200 492009
49300 493009
49500 495009
50010 500109
50020 500209
50030 500309
51106 511069
51206 512069
51306 513069
51406 514069
51506 515069
51606 516069
51706 517069
51806 518069
51906 519069
52006 520069
52106 521069
52206 522069
50040 500409
50050 500509
50060 500609
50070 500709
50080 500809
50090 500909
50100 501009
50110 501109
50120 501209
50130 501309
59100 591009
59200 592009
52406 524069
52606 526069
51107 511079
51207 512079
51307 513079
12250 122509
12260 122609
12310 123109
12311 123119
12312 123129
12320 123209
12330 123309
12340 123409
12350 123509
12360 123609
12410 124109
12420 124209
12430 124309
12440 124409
12450 124509
12460 124609
31110 311109
31120 311209
31130 311309
31140 311409
31210 312109
31240 312409
31250 312509
32310 323109
32340 323409
32350 323509
32510 325109
32511 325119
32512 325129
32520 325209
32530 325309
32540 325409
32550 325509
32560 325609
12510 125109
32570 325709
40110 401109
40120 401209
40410 404109
40420 404209
40430 404309
40440 404409
40510 405109
40520 405209
40610 406109
40620 406209
40630 406309
40710 407109
40720 407209
40730 407309
40740 407409
41110 411109
41120 411209
41410 414109
41411 414119
41412 414129
41420 414209
41421 414219
41422 414229
41510 415109
41520 415209
41530 415309
41610 416109
41810 418109
41820 418209
49400 494009
42000 420009
50081 500819
50082 500829
41620 416209
11110 111109
11120 111209
11130 111309
11140 111409
52301 523019
52302 523029
52303 523039
52304 523049
52305 523059
52306 523069
52307 523079
52308 523089
52310 523109
52311 523119
52313 523139
50011 500119
50012 500129
52312 523129
52701 527019
52801 528019
52901 529019
52702 527029
52802 528029
52902 529029
52703 527039
52803 528039
52903 529039
52704 527049
52804 528049
52904 529049
52705 527059
52805 528059
52905 529059
52706 527069
52806 528069
52906 529069
52707 527079
52807 528079
52907 529079
52708 527089
52808 528089
52908 529089
52711 527119
52811 528119
52911 529119
52712 527129
52812 528129
52912 529129
52713 527139
52813 528139
52913 529139
11150 111509
11160 111609
11170 111709
11210 112109
11220 112209
11230 112309
11310 113109
11320 113209
11410 114109
1902 1902
1031 1031
1903 1903
12520 125209
12530 125309
12540 125409
12550 125509
12560 125609
12710 127109
12720 127209
21310 213109
21320 213209
21510 215109
21520 215209
22100 221009
22200 222009
22300 223009
22400 224009
22500 225009
11420 114209
11430 114309
11440 114409
11450 114509
11460 114609
11510 115109
11520 115209
11530 115309
11540 115409
11550 115509
11560 115609
12210 122109
12220 122209
12230 122309
12231 122319
12232 122329
12240 122409
12241 122419
12242 122429
53013 530139
53001 530019
53002 530029
53003 530039
53004 530049
53005 530059
53006 530069
53007 530079
53008 530089
53011 530119
53012 530129
42120 421209
42100 421009
42110 421109
42130 421309
51109 511099
51209 512099
51309 513099
51409 514099
51509 515099
51609 516099
51709 517099
51809 518099
51909 519099
52009 520099
52109 521099
52209 522099
52309 523099
52409 524099
52609 526099
52709 527099
52809 528099
52909 529099
53009 530099
1019 1019
1037 1037
11141 111419
11171 111719
11411 114119
11421 114219
11451 114519
12321 123219
12361 123619
12411 124119
12451 124519
21301 213019
24000 240009
31251 312519
31380 313809
31390 313909
32351 323519
32480 324809
32490 324909
32521 325219
32561 325619
40741 407419
43000 430009
43010 430109
43020 430209
41710 417109
41720 417209
43100 431009
43200 432009
43300 433009
49510 495109
49520 495209
59410 594109
59420 594209
55001 550019
55003 550039
55020 550209
55005 550059
55007 550079
55008 550089
55009 550099
55010 550109
55011 550119
55012 550129
55021 550219
55013 550139
55101 551019
55103 551039
55120 551209
55105 551059
55107 551079
55108 551089
55109 551099
55110 551109
55111 551119
55112 551129
55121 551219
55113 551139
51120 511209
51220 512209
51320 513209
51420 514209
51520 515209
51620 516209
51920 519209
52020 520209
52120 521209
52220 522209
52320 523209
52420 524209
51121 511219
51221 512219
51321 513219
51421 514219
51521 515219
51621 516219
51921 519219
52021 520219
52121 521219
52221 522219
52321 523219
52421 524219
52520 52520
52521 52521
53101 531019
53102 531029
53103 531039
53104 531049
53105 531059
53106 531069
53107 531079
53108 531089
53109 531099
53110 531109
53111 531119
53112 531129
53113 531139
53201 532019
53202 532029
53203 532039
53204 532049
53205 532059
53206 532069
53207 532079
53208 532089
53209 532099
53210 532109
53211 532119
53212 532129
53213 532139
11180 111809
11190 111909
21330 213309
32210 322109
32220 322209
40130 401309
40750 407509
41130 411309
21350 213509
21360 213609
94705 947059
12221 122219
12222 122229
907450 9074509
907451 9074519
907452 9074529
907453 9074539
907454 9074549
944002 9440029
944012 9440129
944022 9440229
944032 9440329
944042 9440429
944052 9440529
944062 9440629
944072 9440729
97848 9784809
97847 9784709
21302 213029
53120 531209
53220 532209
53121 531219
53221 532219